312.108 311.778 311.448 311.328 311.116 310.556 310.000 310.000 310.000 310.000 310.000 309.853 309.186 308.513 307.840 307.168 306.495 305.832 305.154 304.427 303.699
311.600 311.316 310.986 310.837 310.685 310.125 310.000 310.000 310.000 310.000 309.927 309.273 308.672 307.959 307.293 306.621 305.949 305.276 304.603 303.965 303.237
310.972 310.782 310.524 310.347 310.254 310.000 310.000 309.953 309.871 309.777 309.676 308.940 308.205 307.469 306.851 306.155 305.399 304.730 304.057 303.385 302.775
310.344 310.153 309.984 309.916 309.866 309.806 309.741 309.675 309.602 309.507 309.413 308.690 307.954 307.219 306.483 305.747 305.029 304.405 303.545 302.838 302.166
309.881 309.801 309.721 309.641 309.579 309.529 309.463 309.398 309.332 309.237 309.143 308.440 307.704 306.968 306.232 305.497 304.761 304.025 303.289 302.607 301.794
309.570 309.537 309.458 309.378 309.298 309.242 309.186 309.120 309.055 308.968 308.873 308.190 307.454 306.718 305.982 305.246 304.510 303.775 303.039 302.303 301.567
309.075 309.172 309.194 309.115 309.035 308.955 308.905 308.843 308.777 308.698 308.603 307.940 307.204 306.468 305.732 304.996 304.260 303.524 302.789 302.053 301.317
308.580 308.676 308.773 308.851 308.771 308.692 308.617 308.565 308.499 308.428 308.334 307.690 306.954 306.218 305.482 304.746 304.010 303.274 302.538 301.802 301.259
308.085 308.181 308.278 308.374 308.471 308.428 308.348 308.280 308.222 308.156 308.064 307.439 306.704 305.968 305.232 304.496 303.760 303.024 302.370 301.901 301.468
307.589 307.686 307.783 307.879 307.976 308.072 308.085 308.005 307.943 307.879 307.794 307.189 306.453 305.718 304.982 304.246 303.510 303.013 302.575 302.150 301.725
307.094 307.191 307.287 307.384 307.481 307.577 307.674 307.742 307.662 307.601 307.524 306.939 306.203 305.467 304.731 304.124 303.683 303.258 302.779 302.240 301.701
306.599 306.696 306.792 306.889 306.986 307.082 307.179 307.275 307.372 307.319 307.254 306.689 305.953 305.236 304.790 304.343 303.804 303.265 302.727 302.188 301.650
306.104 306.200 306.297 306.394 306.490 306.587 306.684 306.780 306.877 306.973 306.980 306.439 305.898 305.368 304.829 304.291 303.752 303.214 302.675 302.137 301.598
305.609 305.705 305.802 305.899 305.995 306.092 306.188 306.285 306.382 306.478 306.575 306.315 305.855 305.316 304.778 304.239 303.701 303.162 302.623 302.085 301.546
305.114 305.210 305.307 305.403 305.500 305.597 305.693 305.790 305.886 305.983 306.058 305.774 305.389 304.970 304.520 304.070 303.620 303.110 302.572 302.033 301.495
304.618 304.715 304.812 304.908 305.005 305.101 305.198 305.295 305.391 305.513 305.484 305.201 304.858 304.458 304.058 303.624 303.174 302.724 302.274 301.824 301.374
304.123 304.220 304.316 304.413 304.510 304.606 304.703 304.800 304.919 305.030 304.910 304.627 304.289 303.928 303.528 303.128 302.728 302.278 301.828 301.378 300.929
303.628 303.725 303.821 303.918 304.014 304.111 304.208 304.326 304.452 304.504 304.336 304.053 303.717 303.378 302.997 302.597 302.197 301.797 301.382 300.932 300.483
303.133 303.229 303.326 303.423 303.519 303.616 303.731 303.858 303.977 303.935 303.762 303.479 303.144 302.805 302.465 302.066 301.666 301.266 300.866 300.466 300.037
302.638 302.734 302.831 302.928 303.024 303.135 303.264 303.390 303.467 303.361 303.188 302.905 302.571 302.232 301.894 301.535 301.136 300.736 300.336 299.953 299.663
-9999 302.239 302.336 302.432 302.539 302.670 302.796 302.922 302.938 302.787 302.614 302.331 301.997 301.660 301.321 300.982 300.604 300.205 299.859 299.568 299.278 
